-678.948685787
-600.071289189
-675.088370345
-530.395459375
-578.766151573
-638.088040048
-706.172673651
-302.430300708
-653.548586516
-651.150202173
-322.076748446
-716.247539034
-610.234737894
-858.545438595
-475.19748799
-447.742392034
-571.159319055
-1643.09016847
-296.810832177
-766.259938898
-662.420513676
-520.453443808
-680.739723702
-519.425841323
-662.318640275
-586.60260184
-955.353500219
-530.302150878
-663.349198581
-805.253879634
-871.705024082
-811.385370792
-531.753152926
-513.011184409
-547.147538648
-543.766697701
-641.596211214
-652.405467522
-575.288855295
-578.116334626
-502.851270567
-853.908831709
-703.854063893
-557.913032609
-1205.27043961
-911.489606262
-550.899929121
-601.548956902
-595.393559437
-378.311425159
-424.42470242
-1096.70579335
-474.060360538
-759.240736673
-902.280705692
-501.240264867
-621.261322023
-470.576614583
-621.230513286
-1418.76962532
-580.397752605
-683.867849697
-533.908367685
-443.697385934
-542.296535665
-404.630582515
-538.863086074
-580.822201991
-525.674274458
-830.706075009
-585.128574829
-477.612339223
-870.741375823
-1032.14570406
-975.374490421
-500.956888006
-451.596564158
-519.642396644
-309.914557429
-269.173367814
-149.252792781
-215.08566329
-456.099109381
-142.138177656
-380.478128242
-335.488671254
-170.31800326
-267.912904751
-210.411828118
-363.558620981
-275.844331343
-172.513523734
-176.95270624
-155.743879773
-215.460079523
-409.836009266
-173.065570849
-171.061234318
-174.951064399
-214.593205955
-168.723292437
-197.003422399
-364.525795166
-201.379335467
-205.344548312
-184.026268133
-161.573687323
-199.346550193
-181.779558299
-198.425314364
-204.481339862
-204.959845656
-196.388108618
-195.841710461
-188.83550003
-260.47302919
-165.692290988
-204.301946414
-161.622062088
-210.089748653
-169.917719114
-160.263726387
-197.343054913
-186.387242707
-170.174285137
-141.926871132
-136.705110547
-199.090971874
-182.163501435
-212.394153038
-181.788432562
-216.589178951
-181.194186346
-175.178590942
-187.225698822
-184.115504047
-176.570452138
-509.497803056
-1500.64280648
-494.939612815
-754.13658738
-837.434317595
-845.23143451
-339.194124631
-152.585159563
-809.415396317
-749.709018636
-622.471710364
-615.848439856
-742.206449673
-475.070047888
-819.874089069
-744.586483458
-742.464464928
-783.336758055
-664.897700748
-519.788390538
-692.485521033
-373.939536355
-382.211354418
-737.105251327
-569.0506707
-656.755187179
-484.392094103
-567.395010525
-641.651307488
-507.710697505
-513.321589264
-648.773167444
-230.333422681
-633.079677731
-1034.04855437
-675.827152009
-634.277247691
-472.546190004
-471.016833179
-647.929267524
-896.396447359
-910.880517891
-579.459877082
-390.779360785
-856.362114201
-974.607069769
-584.676802455
-589.348732571
-596.235709455
-401.3033162
-498.76743328
-562.26618896
-304.649216199
-422.229238518
-441.927530389
-497.990474644
-515.6838753
-463.172876314
-337.599413762
-619.640287914
-552.70661034
-861.077227383
-785.639079124
-685.479006348
-728.160976005
-494.054415345
-452.660888766
-259.432769718
-339.981100473
-544.419234485
-534.098344551
-532.257039066
-350.849090084
-534.287871282
-272.102242912
-557.200401612
-790.078571255
-318.405582856
-291.513303753
-318.172153358
-636.673033385
-337.616857174
-232.189086906
-493.279781393
-372.176184801
-465.491437078
-709.600701621
-549.007892845
-585.754515608
-508.818935183
-444.153266451
-246.146674543
-399.442287877
-518.372681112
-439.29421467
-665.733339863
-462.893996142
-276.010764642
-551.73019508
-472.098757354
-549.738471776
-470.386478007
-544.881207269
-688.758704182
-641.506335997
-617.435509728
-517.965075096
-565.701972275
-460.914558177
-965.15731894
-496.163108825
-981.870466822
-482.945817302
-802.054772752
-534.256880439
-455.963089747
-586.262363843
-485.203531904
-501.470519796
-760.334909955
-600.003760805
-554.34973554
-595.151788561
-496.918071103
-461.337914292
-548.791516908
-537.05220099
-730.225780714
-619.268662531
-687.119250228
-833.765837992
-484.063075899
-734.566645177
-526.914218185
-707.269749557
-529.969883352
-557.736625938
-789.855736734
-622.201647295
-612.573079165
-640.68843926
-694.851782631
-1004.99655669
-828.969303289
-702.166217911
-739.223856759
-371.933985417
-604.175785772
-929.206357007
-708.338574087
-877.71721456
-489.205927775
-520.137958006
-719.223453965
-985.538758003
-458.333148046
-763.973141896
-559.81129111
-700.621995085
-450.228176823
-400.960047747
-388.203734011
-387.864380465
-706.641326533
-519.03040892
-802.936250354
-608.43296373
-651.537837917
-597.623296402
-771.557289179
-535.007792249
-551.921611032
-588.370242167
