-519.70862077
-79.7406857121
-750.864450343
-769.849145305
-191.895229428
-210.85370844
-732.760687425
-488.94944598
-978.940649182
-669.453002182
-478.803202638
-513.925102492
-698.522252906
-574.751693905
-567.682701308
-583.443120987
-949.185117289
-583.561441059
-481.199814364
-774.886868375
-571.395607052
-910.571381954
-480.608080726
-2183.66538056
-724.798468003
-473.906802243
-456.842533366
-720.789728003
-628.613791071
-598.425763743
-566.806220964
-382.837053786
-676.196876767
-1283.70911613
-542.122054585
-697.637835652
-523.818162216
-548.678455718
-498.851088809
-558.015444398
-634.381261406
-653.994924692
-502.302462329
-569.304684645
-620.149108716
-456.517108615
-528.812716927
-439.455216215
-561.867645099
-710.881026237
-479.974868064
-520.324090712
-627.99834621
-918.756899969
-441.520646236
-1099.91315664
-989.729104682
-485.929619705
-642.183729407
-587.76348994
-529.731946769
-614.807126965
-470.468002205
-594.066343399
-614.837888001
-447.007683546
-491.504508461
-774.60730522
-410.042771524
-427.329401576
-558.986563604
-203.701733053
-1256.61389754
-533.654024581
-1314.93215917
-1715.81320016
-466.116054121
-633.052505656
-592.384599034
-1963.48822249
-652.182529137
-513.434010036
-619.979048771
-801.812497908
-533.312478748
-780.718108361
-612.74400984
-536.227442904
-620.921901502
-531.855206094
-563.245183649
-598.43999576
-604.686300271
-431.728891366
-538.468098201
-540.371714031
-510.18812414
-582.989231128
-441.864441724
-565.998852572
-562.769226383
-609.387013505
-551.215493678
-472.325565661
-1047.59888985
-1557.74039729
-550.911637307
-528.226735775
-2057.23299511
-608.406751301
-553.653284826
-709.315104237
-495.210578979
-488.879576169
-920.383133061
-697.456296759
-617.736068633
-394.742740918
-471.941739743
-653.552049204
-594.738500392
-454.190066052
-443.328299628
-615.179913171
-467.254351573
-580.830339043
-874.257454037
-767.862342664
-522.774134857
-833.618675395
-728.70013281
-721.725125812
-570.966837712
-588.621148528
-728.647523424
-520.835416291
-689.138157723
-650.266364367
-853.159361875
-477.198383081
-481.117500907
-578.040967241
-557.174570263
-625.875391677
-1064.91339297
-856.390316646
-803.00482763
-743.676583601
-457.218643299
-688.060476379
-484.888765456
-1371.41879569
-453.01888165
-540.288020941
-557.906251306
-537.316369401
-621.549537001
-453.209178585
-448.83494593
-493.205792442
-626.427803599
-527.050572563
-462.618918269
-638.063328921
-836.416874742
-586.530158266
-467.430713067
-547.408395623
-540.385690065
-981.833621599
-588.487594035
-561.607013618
-493.218749929
-555.789967498
-1365.02768171
-2870.66584496
-664.970988712
-575.163205671
-458.278378599
-471.491775587
-447.500385753
-512.649300176
-583.034405691
-959.183448861
-512.363019171
-572.436289114
-500.299364701
-1067.91461389
-502.073244941
-1129.21294172
-925.988038392
-518.030824412
-492.807460631
-516.261606636
-997.335444105
-435.219548438
-526.67567323
-717.398653369
-565.036897816
-523.026142401
-672.475938504
-942.704177856
-952.393933711
-637.3688142
-514.392680807
-421.976801056
-578.263547003
-652.72874006
-450.220438869
-895.702778423
-531.464915874
-539.818158177
-500.400253862
-414.946130152
-571.407258577
-647.723450038
-509.1298664
-1318.16165111
-550.589778292
-1870.63693295
-399.249601412
-856.99977445
-502.297304465
-633.6152383
-482.194165249
-448.229417097
-556.911142326
-679.245356529
-529.133898392
-502.337500545
-694.762292261
-747.819248141
-550.971146758
-925.447983095
-598.312770443
-494.694705328
-686.799664929
-536.078986518
-481.331607258
-421.939794478
-444.403886377
-731.539271795
-789.22834711
-2431.04653189
-565.428988638
-1679.88220888
-616.246039041
-518.523374752
-409.962553278
-562.053214933
-526.408444782
-863.927641356
-474.69737392
-622.621964439
-484.885821501
-682.404080234
-559.165965253
-609.098362898
-829.59152798
-1398.31827051
-1188.21491493
-412.90649396
-754.11307118
-744.600969521
-838.524536117
-538.215448046
-538.33113895
-1979.26876548
-450.973524419
-492.717757516
-1055.18609813
-2050.63831478
-573.948001064
-516.378495789
-494.766415722
-594.341259428
-1773.56424154
-1401.46435307
-904.678497642
-766.984074958
-632.642361936
-1042.11589902
-811.728724542
-400.198131578
-723.429579127
-580.428765438
-544.643447428
-569.927164433
-589.50868148
-573.575160213
-458.835912366
-641.130941672
-590.171753175
-983.408642303
-2073.75778832
-1157.3133622
-505.329742453
-1804.47466438
-657.49287576
-585.595959
-732.755373955
-508.467600369
-503.299968692
-526.145560994
-563.721092239
-1043.10577992
-627.55211625
-523.213195321
-1026.84651247
-562.902101791
-647.45654656
-613.577308916
-512.789835419
-489.377961252
-1302.10292524
-603.699590812
-566.685031467
-606.664601839
-465.701282619
-1043.44821507
-606.755160745
-566.622498461
-1118.85777719
-435.664205019
-537.290015869
-516.577793497
-655.868410377
-475.209718656
-838.207227867
-556.101601227
-626.920971556
-855.395725873
-410.800912579
-494.135838823
-929.134388909
-572.885263177
-3920.28352049
-510.116105131
-783.119702349
-588.985815732
-3576.49392338
-585.747741927
-645.079653559
-573.373299609
-944.923508682
-1045.24353556
-515.654448598
-596.796855867
-515.613691326
-546.875336307
-558.951051684
-1056.94020857
-1027.51670554
-831.575448089
-863.221598109
-513.015196655
-394.688687404
-518.968162966
-585.381892929
-497.380499541
-471.276033405
-588.672320999
-436.534886852
-647.435431845
-371.420155996
-701.973922318
-466.847414326
-431.851122537
-345.721340406
-517.849819145
-682.930543515
-966.676895278
-746.040014204
-750.944002796
-2621.7975922
-498.411681624
-733.340102543
-469.093422543
-467.057466217
-560.526684625
-589.755682499
-1520.27230951
-435.560835585
-608.084127796
-488.687643404
-618.920008022
-640.100216177
-801.007222356
-452.602305593
-423.691443855
-509.804230363
-420.129010179
-535.801355868
-644.050242166
-549.268985092
-664.065399504
-571.70488127
-459.278673443
-669.818210816
-607.634511423
-1052.99049939
-489.005582695
-562.164923354
-436.432410371
-512.706606172
-487.202894662
-1934.68812986
-639.481199869
-616.242637682
-455.437462298
-1180.08073516
-1430.87697474
-1324.90260777
-535.323661014
-613.127748625
-593.559024383
-701.679147684
-880.174208796
-503.106968498
-732.293738975
-1057.2746918
-437.10113988
-441.763094078
-569.278023969
-646.147350792
-462.919726908
-522.213623293
-1147.86431057
-524.279519606
-477.872737841
-578.482880134
-631.092439326
-541.803751948
-512.230823539
-745.77551444
-516.893684499
-559.125473011
-1035.87605477
-742.865964019
-592.995183829
-935.055453899
-515.869698333
-1426.89818618
-510.85134143
-680.077382683
-1345.61629808
-589.524141592
-462.726645577
-1119.48448957
-611.858857278
-510.790078514
-689.476585128
-496.06378808
-603.304588752
-630.418656487
-644.783174504
-467.226721125
-694.242610571
-469.163750349
-379.645237762
-796.91435532
-637.277622505
-703.141638885
-494.824968055
-828.893185177
-578.363180302
-923.875570332
-551.967205235
-492.387457787
-660.60844715
-522.43207771
-1193.56869934
-558.350443879
-578.298561113
-744.548645539
-558.503472383
-644.719081273
-1683.14716859
-1333.65531046
-553.654541063
-538.805926886
-1146.60329374
-863.384762668
-1906.75719588
-836.517427871
-1331.3044923
-583.638128768
-542.444442124
-542.451638413
-606.330195467
-504.042505614
-479.022352769
-422.62917633
-1194.39723176
-849.455501697
-391.989016909
-567.456990861
-529.701014337
-651.294434133
-498.390279561
-855.715818107
-1439.99159044
-536.904900522
-462.488065093
-569.066644696
-575.136929941
-1198.32434058
-636.374416321
-1249.27853914
-507.558345637
-467.620497985
-757.814687852
-1269.19687353
-656.46733521
-433.166361663
-836.72458602
-549.858073985
-600.336163252
-700.454225009
-532.26592194
-406.051728137
-614.869831617
-964.609813523
-569.468394411
-487.883049414
-1326.86646162
-720.758798373
-877.581131514
-474.357453418
-606.662881109
-593.10182073
-517.600075809
-650.744664884
-408.266912304
-555.754867868
-3496.79721253
-1139.62203249
-514.754780323
-544.413086381
-498.583360808
-963.855573861
-640.032845469
-407.208840694
-694.075194486
-617.308676693
-939.083516615
-665.52127323
-542.330204475
-1238.14534977
-515.428788482
-440.32503927
-522.156453429
-540.067220198
-752.110255047
-517.920919402
-788.854653604
-1088.78943963
-746.989936683
-878.257262369
-580.275370775
-607.257371904
-737.934394459
-689.085690126
-599.235535068
-494.357122132
-420.581491145
-586.848765043
-503.743235127
-1665.7307555
-543.465418222
-1004.72529451
-557.921400715
-529.431861395
-1097.34300377
-698.079411364
-579.193564858
-551.251876621
-506.027100822
-573.895279313
-861.703168963
-486.120154857
-513.409032186
-592.994157029
-478.82756556
-769.355285999
-554.104162286
-790.531515211
-523.661913133
-522.465191222
-585.307099119
-497.085106718
-510.829802139
-616.44749188
-604.665478695
-434.868114794
-481.758130191
-547.601635948
-680.768656546
-458.362114704
-433.130951324
-417.186655063
-657.965979103
-773.061584417
-679.02224353
-723.226360503
-2192.72983103
-488.680713289
-560.848254568
-742.225413917
-447.955129763
-892.043633799
-459.643499861
-446.419640817
-447.839491233
-500.976545087
-884.800731633
-514.540182444
-411.640979377
-686.499050722
-767.228371186
-501.583025668
-393.019302409
-2143.62568437
-605.656533161
-431.484708183
-556.845859356
-466.362429731
-524.594500912
-476.44085256
-466.905900932
-510.196101535
-538.987188361
-654.551761813
-1006.4606087
-839.829757127
-536.125609473
-742.958790523
-824.575211289
-671.352744745
-705.541458169
-570.948056113
-491.995370781
-725.874040464
-908.506841602
-757.084021293
-426.240163383
-596.077615573
-680.349178677
-642.866026163
-489.896926796
-664.404304145
-451.141642229
-580.088297334
-445.628082735
-398.652949815
-1281.6944021
-639.88092153
-564.642658555
-482.992586723
-605.446533688
-1975.45968855
-659.626647218
-1966.971566
-737.913167861
-491.011077633
-983.954220472
-850.333384878
-568.112540278
-604.263315404
-507.986552924
-581.209896934
-465.816871408
-529.703924435
-551.218648902
-415.421368974
-1786.46361129
-1904.12949638
-515.628492677
-653.955169782
-1010.12015649
-1008.72706504
-647.046646693
-952.281595303
-511.394776698
-1604.61931776
-751.77435667
-596.819074233
-669.648794895
-1017.5672786
-495.566070039
-588.703177817
-491.969178262
-936.148800181
-729.534447099
-754.358517192
-838.625084307
-1713.63061078
-528.11774962
-535.561661814
-584.753815388
-662.971087884
-504.321305007
-1136.30328079
-479.047708134
-601.982419777
-547.209722798
-472.885328261
-591.276786767
-2138.02479212
-453.827882419
-865.208438226
-550.814899336
-659.661778558
-491.775987337
-1759.25935997
-572.879418746
-369.772676362
-439.63152722
-3099.59604738
-1441.69033443
-688.084988962
-635.236161165
-591.051887216
-483.246182813
-454.282461001
-515.830348298
-1117.73068005
-522.01486299
-683.503159056
-491.738646088
-571.334306171
-469.669863058
-437.139961339
-463.55730561
-701.391275288
-656.121029927
-706.490396003
-750.16398767
-494.395817234
-580.113206414
-662.537180482
-757.671325062
-1143.59063454
-415.65130378
-515.558185333
-589.599029588
-567.734103105
-420.412395047
-936.030822926
-599.732980679
-573.4515351
-682.278994383
-505.296867719
-585.647748001
-651.424927517
-471.990945395
-885.519136061
-429.443911535
-430.549601805
-493.85294272
-981.640637125
-418.437331894
-439.609728848
-810.246616922
-580.371350395
-516.837930487
-432.508667018
-450.311571833
-257.411580726
-670.523150602
-1304.49799786
-673.742449689
-458.636633142
-721.435749681
-445.423883624
-409.416978784
-492.271150508
-794.525096584
-632.355860414
-448.182735019
-684.372087807
-893.976679458
-413.139948427
-713.324606629
-500.753435251
-555.971344531
-2053.90161599
-518.200404033
-471.318565019
-604.727722217
-1617.98218969
-529.094399191
-847.237475867
-578.125476146
-1481.92535615
-513.90614248
-426.612160195
-536.377107714
-603.951602215
-586.899212268
-637.323696755
-424.231866832
-1120.96184119
-366.997181879
-606.044437981
-373.815031922
-559.437336218
-512.055684135
-597.809750645
-505.164556063
-845.323684622
-1141.58424619
-941.057581587
-1221.37561087
-541.834843935
-652.297935886
-438.34696462
-582.563194018
-357.867644961
-885.007205066
-437.835635934
-670.890756853
-557.740240668
-512.010037208
-539.386902784
-478.203048388
-452.804441887
-542.127388627
-535.917198067
-700.833533415
-460.326923306
-455.323279878
-761.29722192
-584.231738165
-464.964998915
-595.499692702
-591.684726822
-2221.05111651
-517.253600985
-1853.51116195
-496.6234682
-404.98572353
-1386.638916
-1184.69790375
-655.383191847
-504.886189526
-517.647958606
-886.585820467
-661.700864937
-2207.59308498
-517.306221703
-1148.20613789
-619.415226641
-416.699518612
-724.960179638
-590.229175342
-488.797255805
-681.566983809
-604.124833068
-454.753179878
-649.951298169
-513.140015648
-606.213451251
-931.137242217
-761.399801336
-529.700416934
-424.520409679
-1131.33954209
-1642.09513534
-867.3260508
-576.955452321
-357.138449359
-492.983990653
-482.622543575
-541.145346367
-764.818177413
-558.306168442
-3822.86304345
-403.768947467
-961.250406171
-495.626588922
-463.956721405
-707.301115526
-1023.31517758
-1138.05971472
-432.297996026
-543.8500456
-774.479896233
-1109.03288791
-450.825169472
-436.688668076
-1122.85982907
-429.079360055
-638.632351913
-668.061754016
-485.605492802
-778.623951918
-596.845865096
-568.594789438
-569.348458996
-517.85325295
-525.777097343
-759.538363848
-1159.99558305
-506.443206047
-465.596255809
-850.040946524
-833.164419547
-565.048367299
-585.137601943
-533.521497156
-1179.27042256
-426.98874829
-563.6452957
-1341.98204103
-1123.7021575
-685.606676218
-400.432489409
-499.226350127
-604.65450118
-534.350230339
-959.543026243
-2833.36980737
-1056.58823794
-618.951573456
-507.668448653
-757.860858347
-848.653915402
-475.708545401
-519.065762731
-627.309103393
-768.11599689
-948.669376948
-666.209812973
-668.186474559
-740.467321978
-1031.71145374
-498.975841875
-546.959222087
-646.580999892
-436.92491163
-493.364237999
-621.690713863
-884.421818318
-844.452645847
-863.856563104
-597.511505512
-406.423537695
-499.791229133
-1261.01037086
-440.235858506
-1316.75446364
-525.593041394
-409.75025661
-836.589551281
-662.539040543
-301.535840884
-637.476389968
-415.350906714
-413.549754459
-705.31306737
-984.354190155
-532.680810363
-463.046837371
-664.042329311
-539.225925544
-731.006446381
-484.221337372
-4437.32651879
-1003.88252884
-685.399286667
-1328.44795773
-545.998373491
-760.5173996
-729.227278879
-446.882005301
-1066.99007647
-494.319502659
-723.559120775
-437.404939666
-532.69483134
-821.466486346
-538.053169351
-505.012952325
-447.034190751
-396.719234542
-1241.5778633
-880.229897402
-440.049237214
-519.020361327
-465.177736388
-441.647119533
-555.530319944
-920.460951028
-702.570889468
-545.929283437
-692.549293016
-917.000060858
-1314.82118688
-470.310169935
-467.538065978
-1010.08366544
-472.597575525
-670.086292222
-480.251526375
-499.960892768
-725.415797298
-636.135161299
