-146.687665846
-358.805562722
-609.392679416
-512.422171305
-439.196327248
-535.858591216
-775.964910675
-692.933155682
-430.771755841
-516.260112118
-869.815803228
-759.153329572
-723.803410968
-650.000747905
-792.437243687
-397.783211644
-576.915418929
-902.605243568
-369.166348064
-586.606382396
-540.724701453
-586.51377696
-602.439889483
-709.034259239
-562.502785495
-849.630389464
-807.236173357
-575.749648399
-866.212897885
-621.575474435
-882.912003948
-960.089867791
-865.437369134
-512.833952768
-560.147558802
-401.394323171
-567.280297552
-513.875138665
-542.86950219
-767.610384376
-636.737813755
-617.406803653
-561.764536786
-922.376344259
-771.554628843
-877.222455598
-549.460835947
-545.4311758
-890.540443267
-582.652282503
-690.891342514
-437.345666189
-835.360504541
-403.259883478
-501.587335712
-583.825882933
-557.933992103
-648.315343799
-411.424342906
-513.157457875
-757.690310209
-641.561739899
-479.263930025
-571.962493708
-589.794061473
-580.300460695
-597.314884321
-680.364096729
-882.365448669
-778.106950569
-911.543034654
-663.312366526
-814.458446142
-448.751065073
-419.530600112
-427.251172558
-844.828382994
-692.602946343
-434.074615051
-722.632005898
-538.633594355
-502.379552121
-468.441170312
-530.573431911
-474.709143294
-476.593178957
-565.173696605
-909.625030316
-417.763760978
-952.089095892
-434.20888145
-539.711051169
-513.322604103
-454.93456265
-796.956622026
-843.227877762
-676.008137072
-883.741665133
-499.35534905
-710.833078172
-557.759631355
-633.546540242
-434.011812753
-835.849488475
-460.266070026
-554.082414444
-602.546460043
-928.432576157
-492.741700567
-551.147506973
-414.895379642
-624.846348968
-430.027872917
-1012.16146505
-393.232316871
-813.003428755
-603.143672864
-489.997824228
-509.300591346
-360.604707615
-517.948648526
-612.195553406
-886.421675611
-682.032379438
-817.614634961
-390.786449714
-798.569835793
-860.222697301
-487.366458981
-550.999198383
-540.743875107
-516.07996378
-593.073895663
-651.565160743
-748.04477648
-480.197116424
-607.274713407
-790.311622397
-512.014387462
-464.675621562
-493.174033106
-360.448727372
-448.045317913
-404.588605356
-588.013367354
-795.89843492
-615.441483373
-832.164770217
-448.202294662
-719.233868738
-738.655110295
-519.814501061
-1034.83379878
-1049.71310635
-471.531618646
-859.461179667
-573.716124308
-722.18890109
-385.44873613
-483.750489607
-812.500370876
-490.619667417
-445.817494598
-445.486091215
-339.831451638
-612.29353703
-471.572289421
-536.036244464
-633.749266171
-574.898924645
-535.934531195
-487.924126143
-450.177082972
-547.925298729
-494.36080052
-769.706020159
-499.449648839
-580.458273509
-478.724356849
-523.634840335
-786.174294985
-446.820416461
-593.707241443
-486.933130622
-579.526124643
-547.753216104
-516.807811555
-360.609724362
-608.476047891
-547.252392589
-820.763892754
-851.539000951
-908.194686361
-785.600964174
-633.100999644
-996.642982897
-514.436836763
-548.26016541
-504.826710714
-741.34862927
-536.533454956
-882.515290106
-825.223891084
-846.059355922
-485.350997028
-567.083057035
-599.016302194
-826.088960733
-497.812696573
-426.472263033
-1007.24119035
-585.130130729
-589.884466637
-756.356609336
-846.521466507
-969.970106445
-582.044338463
-492.675290239
-576.569912637
-395.749033393
-394.38394818
-872.328334292
-571.508215717
-571.441180506
-508.509917753
-836.784504326
-814.973977689
-551.879285178
-553.742962674
-619.82831579
-929.654159929
-394.826782916
-402.709927949
-647.595257611
-878.03973208
-428.106056067
-610.991254269
-681.45565763
-559.888126606
-476.59271766
-649.309690047
-599.301422692
-518.787214721
-781.903403421
-596.841917509
-489.09264828
-781.052028046
-724.866833863
-357.273517814
-685.727642015
-536.870622675
-491.038376052
-403.508075061
-820.003936913
-602.950284262
-710.978280994
-500.588836647
-502.439548964
-504.454301669
-521.284392381
-592.033368708
-582.317877678
-561.828416944
-398.371491829
-403.817661754
-533.799234825
-916.221318703
-533.01453079
-819.466743017
-823.174203511
-408.220151036
-528.878124418
-530.365694335
-540.207543215
-549.53762625
-597.25769173
-855.487160118
-576.678105718
-654.991323991
-500.854033018
-539.484257862
-531.951913701
-634.849236582
-499.98868378
-627.845289186
-606.7182987
-510.427381707
-736.414783975
-559.449318331
-871.341330796
-460.53844273
-478.80816008
-841.961141003
-421.228467064
-429.900256549
-532.489993791
-553.777151954
-891.833983375
-740.260199572
-473.096260041
-554.296070937
-477.929016319
-578.97223475
-781.16186644
-442.728086788
-434.500797713
-610.493293976
-549.814681258
-564.524832991
-732.271693072
-979.48430215
-581.808386368
-509.929161572
-583.347449737
-501.284304297
-565.378274757
-420.595409402
-721.858591536
-593.251182007
-620.691240406
-886.165667144
-392.13489858
-599.927718138
-705.901288741
-479.581073666
-1015.96200794
-653.684440931
-673.481131664
-435.10788352
-445.27381099
-486.477203143
-416.479842715
-810.523673996
-801.660886256
-820.190523875
-554.315415488
-698.840847411
-813.240472111
-749.179309524
-865.448175372
-467.788968953
-493.816755985
-859.818408195
-545.437034153
-538.722524746
-741.010105124
-702.647166829
-484.30945958
-628.303644665
-530.71121722
-887.831864013
-469.723737414
-554.420060317
-541.332360107
-525.690187557
-573.994482855
-528.347764388
-556.871652895
-692.40274544
-486.517262537
-747.849516429
-447.71517745
-580.811526634
-623.323280538
-582.360686596
-519.576525925
-786.326315355
-491.447079027
-426.709886418
-793.494317203
-481.521175474
-514.059997834
-619.480452145
-456.480959097
-806.029257523
-810.812635182
-342.261051707
-1070.74652833
-533.129059992
-1048.62424947
-491.947986537
-640.724973543
-459.574497111
-534.934269614
-771.383132706
-526.177491672
-810.453269303
-802.167459906
-738.38497745
-862.842605466
-746.556462006
-520.877549625
-382.942490317
-535.563628699
-426.648619178
-906.361798292
-492.968253043
-489.96448364
-769.599707228
-494.380652594
-523.185995587
-492.413468401
-818.240075975
-559.275413879
-916.622540149
-563.817185576
-819.892149424
-439.291781874
-638.147752713
-556.00165722
-740.563004327
-517.19449448
-473.646251588
-502.574692176
-827.384468759
-353.388452563
-977.14952746
-876.51473368
-482.49245522
-489.74383313
-527.099124914
-486.833226689
-641.860937624
-456.501927316
-961.239399258
-559.382882227
-668.86962745
-392.149439061
-547.783753426
-1114.83197201
-429.901768752
-856.173423982
-601.773590647
-688.33630082
-737.632197468
-711.461071318
-485.961715547
-467.68167373
-640.666472474
-805.226188258
-803.365432684
-611.772539194
-660.296424093
-598.237965979
-460.095977846
-559.608711392
-568.809291868
-610.598180291
-811.185074864
-784.401432448
-518.840354555
-450.033201915
-539.155484652
-949.004928063
-791.873702135
-755.708840462
-405.191185245
-587.843131173
-687.104857256
-767.00649313
-787.657592584
-551.079629765
-921.212800353
-1654.97195092
-481.718090024
-475.517988027
-565.061004059
-862.926491858
-497.175289368
-590.624692202
-807.048939474
-561.22298963
-870.437886811
-675.905141078
-694.84630067
-465.745321313
-829.099027587
-578.118045933
-541.809508094
-596.702746606
-489.430799446
-811.552773563
-487.934191701
-843.607082122
-810.289964845
-556.058908224
-551.917312553
-657.734676235
-401.884750687
-843.105989108
-505.226656414
-1025.60512331
-729.843312745
-453.434158835
-724.734396635
-445.280075777
-535.486648963
-439.409820902
-425.358081832
-450.241544782
-733.538102539
-836.674300389
-948.990907968
-595.203746263
-634.124531208
-519.309740432
-453.772250844
-464.824657588
-590.63981577
-585.126862094
-464.750056761
-733.932012977
-631.35958297
-792.542759327
-524.79391751
-461.79489321
-555.556325186
-424.927636433
-606.37426605
-558.821578077
-762.775426295
-881.917614746
-373.363714753
-834.512477112
-812.66157818
-808.046291311
-449.034497112
-563.426803343
-519.360565433
-861.759919715
-790.623231017
-669.68977363
-544.665829461
-598.176316338
-483.786873792
-619.488550832
-809.312745278
-450.368795023
-480.601121167
-611.842778925
-422.059722911
-864.253324441
-417.958209667
-835.647443987
-908.671674543
-651.132524074
-544.47632666
-567.08651277
-532.441335463
-498.663185155
-559.894249261
-484.089075391
-824.371621699
-561.179541402
-668.976393064
-514.739844484
-733.289057977
-707.241741091
-770.33965415
-492.001778851
-609.564458068
-582.319182569
-535.401868879
-470.619127539
-498.555562922
-497.53023731
-516.919930007
-706.631575289
-401.40267069
-622.27201944
-390.421407027
-489.14327049
-496.882773579
-438.042950594
-448.582464698
-550.1142488
-829.577172094
-752.886040358
-638.453773999
-534.32564087
-544.466905343
-481.457680712
-461.452764523
-761.475499809
-834.532521633
-471.368794557
-455.73074008
-524.851372048
-558.462180601
-910.371933974
-471.208635602
-626.036905431
-832.543146947
-521.146280859
-865.399768551
-721.226216266
-531.941496933
-629.106161462
-452.170468475
-421.92676363
-544.193848454
-484.707470882
-661.25133474
-401.34266621
-524.437229115
-594.245757461
-445.287282094
-488.74859094
-645.770958141
-519.339530017
-816.272224461
-699.839107995
-559.6188024
-585.96098157
-432.971438582
-1007.52988199
-445.811473386
-622.539400612
-842.507123332
-775.051680219
-716.359301856
-901.482709685
-694.578489423
-461.69233878
-551.801216887
-887.193175366
-825.591147736
-709.219154649
-484.503087094
-827.725703755
-616.052835635
-594.584147328
-866.337332795
-629.657336624
-497.270491905
-411.796768714
-488.957504603
-808.616862549
-572.082707362
-422.187844876
-661.551154684
-492.726538664
-488.953171778
-518.308947233
-529.017236295
-504.902378405
-1047.150136
-783.074781023
-548.031219978
-706.254477801
-621.073371188
-589.467341614
-729.139469887
-547.214375834
-417.742382941
-554.252769926
-946.571388015
-744.808381526
-408.213597387
-763.457830103
-805.693261481
-518.284213272
-435.002176363
-508.209053407
-841.660060177
-703.672947356
-413.762684843
-730.324148337
-821.505475078
-816.675632635
-544.726591079
-937.723904648
-1038.57813218
-533.670040187
-735.882912465
-868.490893175
-545.732059583
-469.317452153
-801.520390337
-617.97755352
-1177.52610124
-605.455422988
-352.526455188
-631.552082297
-708.84503372
-579.591475885
-415.454104337
-543.049323483
-621.917283583
-839.136829221
-585.520246391
-660.963134173
-536.440713805
-698.481840467
-906.29704849
-846.545949448
-475.723822227
-637.086376208
-858.546195524
-486.703518326
-741.24965527
-481.236003259
-819.078443035
-535.441158962
-530.594772482
-507.160920628
-591.918716011
-705.243524949
-868.648909694
-785.811148732
-654.302536325
-505.012971703
-509.842424934
-479.432112615
-498.919980288
-664.999055606
-599.656269996
-918.872164477
-892.936349546
-446.559396949
-540.37529702
-853.468596316
-512.731244454
-575.830510928
-385.34432561
-744.887845781
-515.912786628
-588.819437103
-805.471298388
