-157.310631801
-126.93488598
-165.675706537
-175.088769858
-74.1102380139
-204.223631241
-173.259221364
-199.480569631
-202.651207922
-181.470032878
-167.060553073
-188.414113358
-201.290039489
-161.600751789
-45.8597230227
-179.250376198
-149.425111308
-165.677797812
-160.723320275
-165.068766282
-800.524641839
-462.140916371
-604.707459422
-885.839664777
-766.832146502
-417.199523491
-571.049138039
-373.103921413
-761.616222186
-179.850798701
-594.600500612
-605.244862679
-521.191434461
-618.520654078
-397.357386939
-517.44842027
-808.649456737
-492.075525297
-394.081273464
-1007.83403949
-448.61797529
-462.197038373
-641.068874421
-532.420620475
-495.360955558
-1111.75609623
-802.346689238
-553.530701923
-719.442415742
-637.262584847
-528.513627947
-452.070372104
-570.041202391
-604.683539089
-793.576177286
-700.256651305
-545.936300077
-683.841400291
-552.52275364
-603.615316577
-596.141559266
-378.989232294
-643.895669779
-660.410216083
-902.124386508
-905.535687261
-640.850972376
-923.234180763
-393.326221883
-613.79653372
-572.838333392
-409.230680578
-379.911529396
-578.940225094
-825.171199526
-532.221308392
-499.395245336
-537.971770849
-574.858941403
-554.096216511
-524.333596225
-503.394662594
-675.361101773
-335.191606673
-394.182079713
-476.603875623
-711.208762543
-606.441076157
-494.56497802
-913.389754574
-496.415587743
-502.007953359
-480.107355849
-406.730431554
-685.603440843
-538.354248285
-533.35620634
-384.217604679
-711.612220246
-714.133684401
-861.988508861
-863.206086501
-846.982638104
-697.087993214
-484.03649509
-529.624140966
-558.542180998
-703.775560036
-1008.46282898
-981.160013481
-926.739373976
-509.835143581
-835.39893687
-809.804171607
-822.911376516
-880.194900429
-544.249997933
-466.00754507
-688.717846501
-595.784536858
-526.343939978
-891.702698576
-793.975466633
-646.689570115
-799.048116737
-935.304705826
-566.459735957
-820.414491027
-616.321795823
-852.529244359
-887.761594599
-464.667068957
-475.509208238
-715.741864952
-790.701725494
-489.910624385
-442.441482223
-725.652936589
-876.418205483
-857.580261459
-559.396220607
-516.426025565
-583.281395079
-498.952153867
-677.513878932
-553.614087211
-464.029621972
-618.596523277
-518.224578836
-887.915764528
-406.566212977
-607.174174663
-566.161347179
-537.001977259
-555.439752141
-977.426518297
-712.526600633
-572.541875234
-476.035144737
-499.359253129
-508.850955895
-709.037300719
-484.694146024
-743.13109968
-394.645101594
-571.570339962
-606.576966573
-694.240166883
-687.181968118
-511.200358182
-538.513268969
-741.867766084
-692.001138141
-557.721796488
-469.254413654
-774.855034563
-436.771436509
-1064.59635559
-603.685126104
-1038.30932949
-655.950870664
-424.728241886
-675.50579076
-614.116520753
-432.134575334
-852.908316327
-899.494964343
-523.263920626
-648.54625131
-635.619076507
-558.333314091
-589.489498263
-474.989435234
-718.414800346
-869.413619603
-824.283578961
-633.248081651
-531.49453228
-537.388750747
-745.898413816
-869.967043494
-535.044310226
-671.213337104
-823.722701861
-493.659415558
-769.111368909
-523.458025429
-707.511213831
-515.490819734
-411.123299317
-419.115817399
-540.318238054
-628.584758646
-686.494885791
-658.908297289
-819.652334117
-641.76670148
-706.359244813
-471.547248557
-396.166575218
-455.641437072
-585.247272664
-538.266593354
-471.118420542
-727.738675939
-418.167553972
-681.137236294
-892.432986648
-388.489616804
-410.257305579
-629.274260887
-526.485768398
-665.105953114
-598.909135202
-599.478227299
-662.273754581
-1087.4023512
-525.499964011
-451.40982848
-398.673840109
-715.812642146
-489.540163427
-628.573381818
-845.514982492
-700.662270687
-806.001641013
-543.634018785
-499.825269991
-517.017186486
-623.128275009
-455.829138758
-706.656790042
-1051.14271407
-579.37369509
-583.646848388
-457.688485748
-633.051173788
-704.474717855
-693.644358583
-534.009941285
-677.046113598
-822.257932832
-528.065656019
-560.829487987
-428.02318819
-610.361687611
-485.343214692
-1177.42909706
-730.886519206
-529.202066045
-544.017612252
-753.201586034
-509.052006155
-854.955595875
-658.12771651
-573.396069809
-501.285633883
-773.415679984
-495.268354448
-507.818589457
-868.665609534
-746.370145037
-891.603283125
-633.140000198
-528.864789945
-465.679008518
-723.924507689
-1201.59030625
-957.942074986
-862.02689332
-760.676378066
-435.333586495
-402.286771146
-542.492710442
-608.697191764
-928.699005918
-536.638316631
-507.65573696
-488.482860195
-761.008402319
-609.218640708
-761.427439128
-541.002991721
-469.28292327
-838.138486209
-560.246401167
-544.750044333
-401.32983122
-537.079086948
-828.719761242
-421.421988251
-609.71741228
-463.227845756
-530.296326662
-410.748028625
-522.327342721
-487.889923059
-577.815183839
-470.426967358
-504.413005196
-609.494032705
-480.002948672
-471.121957457
-481.027522909
-545.090292219
-736.110211234
-528.100218626
-570.725387196
-582.359994272
-363.938456067
-643.414340999
-385.881656196
-815.445114554
-436.434966784
-598.392409775
-517.225507766
-632.47780716
-592.57055641
-481.741674461
-790.717153962
-569.845114129
-498.435334209
-682.963083603
-696.329266835
-684.629799254
-687.348846254
-894.769307215
-437.138640326
-797.398685165
-584.105410154
-431.327722126
-615.190901279
-941.786253596
-464.974754251
-497.296094045
-530.25064513
-546.802892457
-482.165829593
-529.304281411
-620.371108476
-487.49953916
-840.235420945
-918.385366539
-437.167424388
-552.703131509
-532.721232222
-926.617760903
-533.97679042
-592.658710246
-570.891710328
-821.359820903
-417.153909464
-499.927230769
-714.110236662
-612.121548496
-435.157577314
-503.894351261
-790.887399223
-584.472487112
-505.693873641
-513.508393164
-547.314785801
-550.318861906
-519.125135797
-588.61209679
-859.781658184
-566.193766876
-835.222862194
-944.914611756
-828.917802896
-777.588286446
-840.455621537
-514.469068492
-457.450843936
-891.69091766
-401.099594348
-465.671081183
-359.296011158
-568.494671789
-506.676017648
-828.67716592
-551.731250602
-493.134236558
-678.435996001
-441.988144879
-623.042538301
-501.790250542
-493.191296647
-580.642633251
-809.292419667
-555.196241385
-637.923252579
-927.50584071
-929.229276767
-646.143851804
-501.026800362
-761.743524726
-689.663517652
-611.440670787
-833.010459574
-830.072285318
-526.784640929
-361.523777558
-450.32475903
-598.043843474
-419.5601887
-893.956791361
-427.919681282
-496.525384277
-909.386661903
-604.395516948
-468.203181864
-802.984971396
-586.777911796
-706.904923062
-476.360786571
-546.749133605
-823.231835027
-757.764493804
-639.403434301
-752.801492773
-625.582809579
-563.95470696
-530.844896594
-658.76439271
-896.384590934
-1036.77589905
-516.300429327
-818.863620644
-591.378613453
-476.453769619
-590.283340332
-441.681738917
-750.941659947
-914.256481464
-839.634633498
-554.078538116
-795.885832623
-580.007694844
-749.297230635
-624.240579404
-713.606224971
-604.676917438
-551.321555579
-414.582105696
-959.14884081
-599.850947991
-548.118016216
-687.306705775
-502.593465595
-543.371625599
-521.431053916
-801.501562808
-572.054162317
-538.285592606
-762.717439306
-557.588933055
-526.917246602
-599.699722448
-518.650108082
-411.054930687
-654.515419577
-521.369877927
-465.109372437
-619.684611705
-516.712941811
-759.071616723
-419.822680294
-502.055538332
-384.390379619
-481.398487448
-734.403055683
-477.524586203
-571.90778918
-522.825635397
-855.372288525
-805.473077063
-841.576880122
-544.880954411
-560.309453252
-795.158141002
-510.32678032
-712.98569503
-801.127095942
-976.623444103
-483.453715179
-729.114708768
-508.214204955
-464.572339688
-676.206127275
-634.837341691
-568.808392253
-751.6118349
-569.642147044
-528.633524321
-350.587096933
-560.175982795
-493.176171147
-491.468370198
-730.258170664
-501.579952027
-780.709463481
-489.511135408
-488.519891378
-592.385467997
-452.642849642
-541.368049616
-527.016101634
-537.547557878
-403.64218799
-832.002832421
-538.085518172
-432.047793576
-461.620512582
-612.394432937
-711.713354829
-831.927125632
-520.785594612
-853.330482457
-926.772332388
-461.926092904
-764.991440243
-645.333143599
-537.199706966
-602.624860637
-1039.62527679
-521.265431955
-716.743370286
-480.971881733
-539.777270925
-965.437750327
-645.707225452
-553.4280895
-695.235111676
-887.715424909
-632.359512144
-712.922211241
-693.443554142
-670.988338464
-480.935304712
-619.62293845
-481.833925181
-494.036710805
-905.123506982
-940.774115665
-498.663361653
-458.56745251
-361.795398626
-870.416566204
-761.539836416
-492.01581665
-640.967905578
-511.069959815
-785.696461326
-484.317356929
-1068.04020119
-946.737866472
-543.323979227
-685.526547691
-694.016178605
-602.387604535
-573.813318933
-927.295364161
-477.199862008
-488.276265655
-813.326307842
-828.405188092
-805.945784474
-870.600727003
-450.634743929
-802.789616192
-819.280358533
-853.827607999
-468.463210715
-865.265003072
-661.575030432
-426.624129469
-742.981731862
-625.767784612
-491.6777553
-397.281045768
-468.758253995
-468.014866014
-504.777454071
-440.609953857
-809.197920588
-662.400582462
-600.387854403
-683.601829229
-494.2007029
-861.71267097
-452.912900874
-530.726660301
-422.459452087
-705.031305469
-590.532370367
-559.700234664
-575.605489302
-567.996189878
-566.187825966
-723.546199508
-371.626586958
-578.294494962
-586.88719174
-496.021261458
-482.924823432
-671.685194903
-530.330634664
-512.050849147
-480.985942423
-458.017781314
-827.039060323
-635.97621276
-574.607048972
-954.396585337
-602.94011323
-523.945766561
-442.521009702
-782.268131667
-586.159595694
-483.42089505
-467.702862614
-571.089513303
-548.720029612
-571.193816075
-478.789707423
-586.131670302
-500.36741925
-1149.26441268
-383.772264944
-487.054632975
-558.750513584
-595.893813172
-1004.23814262
-801.641346641
-1054.89988246
-517.003785468
-504.171158592
-554.865970821
-508.84521398
-613.031983734
-587.982012354
-539.241078725
-676.404647581
-379.353655781
-507.028458766
-640.319486172
-790.698522852
-524.826215108
-425.008803914
-1024.97396899
-575.508311615
-699.283185991
-761.849865732
-858.27010014
-773.099240831
-520.585140021
-598.59127409
-869.001779093
-421.02635179
-463.163010742
-882.721791339
-764.204298338
-746.917049904
-514.954510336
-557.630413916
-460.084590388
-482.415121724
-496.487582777
-473.921487446
-494.068449064
-466.361618339
-826.308336287
-1032.19818984
-582.397038697
-890.657042825
-487.108964325
-523.104784756
-687.213931562
-489.426064947
-829.900112938
-605.142826435
-870.650097127
-436.404007236
-888.937518632
-460.872795254
-897.239004138
-465.936904275
-585.139702387
-965.798037882
-823.149717122
-923.16655594
-573.173182758
-505.742020393
-531.230656357
-775.997272155
-553.828336053
-577.907607872
-451.9299676
-455.307415998
-739.512563082
-493.902916327
-610.306581119
-553.606286938
-581.919651122
-810.207501498
-473.406894942
-991.429879854
-931.754126433
-482.206794111
-495.383162405
-881.773111615
-414.973153072
-524.931291387
-537.34051147
-449.97936981
-486.75562747
-429.989934748
-800.431266708
-880.309906857
-505.788574592
-523.755795812
-785.714711904
-591.039894838
-510.687885528
-510.728364987
-743.566073029
-495.051737987
-838.217035508
-371.539894557
-649.513896992
-1023.1126425
-1074.6674943
-485.318948371
-743.005458756
-821.49021351
-783.028726213
-820.87932159
-532.198947445
-609.314943548
-512.318154953
-604.4213684
-549.628144425
-601.432852637
-383.581892891
-554.985550292
-481.023896967
-400.018713929
-468.949660795
-477.647457811
-469.851279437
-511.929389097
-583.268859764
-633.722159394
-1098.25396099
-431.319569919
-943.843036381
-581.790073575
-835.515854348
-578.657554604
-717.199455293
-842.407191927
-439.811315275
-635.366445091
-430.141064728
-537.490821904
-529.965325326
-419.497951937
-764.748033151
-447.354731049
-797.676326541
-531.643356632
-844.06860557
-587.277711125
-582.325849687
-829.950451233
-820.048899544
-580.633520268
-569.773270054
-441.614183747
-444.808435789
-626.874281871
-533.950156424
-507.943207739
-477.57100824
-866.447634201
-381.555408006
-511.451150958
-739.078698437
-1003.18358147
-539.866581457
-622.005653738
-507.029955361
-488.878392569
-785.892906946
-947.291067432
-696.725363593
-839.559348479
-518.179185549
-499.892262749
-1125.77127258
-494.893391802
-763.238047345
-475.74386941
-425.99876392
-537.722286879
-466.984293195
-591.385122294
-785.736804044
-848.526034542
-468.720928701
-555.066237744
-748.086011366
-519.82600153
-524.638162766
-933.967132659
-712.354508734
-554.237362546
-541.855823971
-927.893284752
-851.363701017
-837.517478267
-809.506700088
-574.271312412
-596.51375403
-382.466419376
-599.834274804
-456.12334503
-840.851193959
-450.433054647
-811.359755653
-768.50969846
-682.938676925
-550.523880538
-464.028327633
-1000.70101368
-751.872831662
-674.855061098
-476.818061124
-399.630579581
-466.95494083
-704.989743484
-793.386813683
-632.796722363
-503.128497632
-655.821600803
-673.039058002
-551.343046526
-832.679605303
-981.016558587
-534.31661799
-1148.71121275
-651.297012066
-791.507436606
-486.90944819
-871.682936751
-990.17946066
-507.856449947
-809.06324964
-578.406260801
-530.133825595
-510.194320683
-386.283066452
-1024.77774252
-711.090183286
-447.928296139
-866.937997875
-829.637219476
-518.64952835
-844.124202925
-411.706307294
-883.04720686
-972.733214521
-807.697654618
-444.154933728
-1098.89499759
-559.487874501
-438.921220633
-526.263931787
-569.658606806
-558.588425824
-589.574894513
-716.113235967
-621.643284937
-441.203797363
-934.880451273
-844.320350304
-570.498630909
-687.99857467
-537.406632149
-763.615992593
-617.546359283
-818.236298566
-367.582922247
-740.941727409
-489.296273115
-452.540337235
-557.107834067
-634.481606645
-384.025381009
-819.0604844
-455.441504485
-398.925560756
-530.934410471
-396.375459513
-454.365159446
-490.416908526
-998.650748975
-1125.0989081
-561.182154653
-707.529943699
-467.047186181
-1020.10496949
-517.845912403
-794.910837388
-442.84368341
-679.814368394
-548.339296912
-1034.52991682
-519.230336714
-532.400220525
-550.160088667
-390.21433334
-450.058724604
-812.466593523
-635.744472763
-360.909511479
-729.733032597
-921.807136723
-606.419436309
-572.278290499
-574.515240725
-778.718158278
-471.420264807
-626.81903514
-729.202742433
-457.432254688
-619.814844986
-449.031925022
-802.710483599
-999.362618638
-619.133340369
-738.081208138
-961.495530745
-574.472445902
-1203.96679754
-660.368814648
-619.778570772
-410.407639184
-521.777204556
-483.888015212
-568.062838418
-519.459718867
-452.393556421
-823.485824163
-533.512609561
-480.349323228
-426.844909508
-1008.55217548
-656.993660866
-627.461119255
-575.863744782
-816.910909908
-423.843291481
-490.318401469
-528.748921414
-592.488392657
-415.917359219
-472.588193466
-818.967599651
-400.0623852
-523.287401465
-525.879368085
-454.199596769
-689.64275713
-431.668840039
-448.910101448
-621.276587016
-540.098469677
-740.117720719
-470.18601063
-506.389268044
-807.615804793
-532.526050243
-585.720105593
-752.290523488
-475.455686738
-536.281314965
-685.489741618
-545.340998468
-410.495701006
-553.625878122
-890.744997274
-578.912935792
-869.228680377
-396.966971096
-495.938802847
-751.430423233
-595.331503705
-460.334780894
-880.110924301
-937.824884501
-493.379392321
-537.253915949
-450.410331423
-729.21766714
-554.945306437
-554.451873194
-574.725266321
-452.613676538
-580.706064322
-541.835001568
-823.130532062
-490.337983816
-523.222115484
-887.910493393
-497.396040046
-685.495679513
-473.417175545
-874.675647
-498.265978128
-672.517528669
-407.882055601
-1049.85801635
-514.24845948
-451.177274785
-806.23150787
-911.072771729
