-551.054952749
-408.622962246
-291.338838731
-191.694531975
-197.44745236
-193.916841553
-359.538624465
-385.340600864
-148.580384652
-161.725805117
-184.579311238
-357.701716355
-342.410230054
-191.780355145
-177.168716203
-379.999370819
-135.734406338
-159.187601149
-81.4178560427
-147.650923553
-197.462854984
-175.678702698
-142.301382484
-214.052413428
-305.083830063
-188.113443768
-163.269300287
-198.103578445
-177.578500041
-184.298537187
-181.347822505
-139.270132125
-180.18531493
-200.067762929
-170.685026002
-182.177820579
-184.688300117
-215.851005952
-185.339101518
-214.394624052
-29.7532755846
-150.309666306
-159.513615844
-155.215948382
-50.1563242511
-157.694012815
-156.612643472
-184.726493373
-164.053989939
-152.467160063
-189.760325312
-180.369924865
-159.81633413
-158.31053302
-85.4977824521
-163.669513627
-127.904005747
-29.4694801635
-145.021175764
-210.179122219
-166.391313627
-197.311771068
-232.251454715
-165.973423634
-130.295274572
-206.440045458
-176.884543996
-356.987925085
-204.695329792
-170.188529555
-135.772472443
-156.945496287
-215.930848278
-183.590941698
-166.485481839
-141.341682007
-162.528485204
-194.422436979
-155.514899907
-43.389178772
-221.191502384
-31.5556088677
-208.306159489
-150.934622505
-165.088100866
-111.497016086
-213.631759411
-207.83874779
-157.486560415
-187.623337589
-132.032398533
-184.695749212
-138.746002619
-139.239994313
-166.92005979
-136.182762089
-168.358684234
-154.880618366
-198.842035303
-222.517050896
-181.26411308
-194.174059131
-127.013287549
-162.698711125
-160.785729206
-228.629789506
-145.417826782
-143.101104309
-220.963161412
-63.2414343128
-179.101969042
-174.922213398
-52.9673638263
-200.738810916
-205.900717628
-200.743555279
-169.19372273
-168.249871214
-154.066398802
-216.127132437
-161.498640914
-165.983081883
-177.534799208
-167.883378083
-201.931395997
-134.734215981
-150.920240097
-193.178091018
-190.588478142
-175.994539088
-178.183365833
-194.144548335
-188.401695323
-144.217824114
-185.750007283
-172.248109047
-175.202618625
-148.17285796
-175.00672862
-142.814996109
-185.723035602
-166.454649674
-179.697297787
-168.804842195
-177.765165669
-221.528536631
-180.830179807
-179.317814795
-171.696144894
-182.585893438
-169.330885238
-198.81667749
-180.50567236
-133.594007466
-171.035131723
-162.916913131
-192.376077068
-185.408540217
-186.540156401
-142.654698519
-161.423499547
-149.810409842
-236.462733134
-185.708378733
-165.267538666
-232.667466791
-217.614512002
-163.811610665
-174.867511896
-168.951394934
-206.099486929
-144.242134834
-170.845520716
-145.98015192
-183.413011032
-207.776301972
-184.417081292
-88.6467971836
-216.042632922
-154.764820855
-154.327885102
-186.628111928
-190.612272582
-185.873218776
-159.831243082
-205.376418023
-174.99608402
-151.393064003
-157.088719219
-171.967098199
-230.359870963
-207.845967931
-168.126461361
-164.385882121
-181.721373972
-51.1486449062
-218.996437742
-180.125429936
-149.382884556
-176.897991887
-140.313653948
-38.0727890697
-161.300055805
-175.662749425
-180.709118333
-103.778439377
-142.925447165
-203.478411317
-169.096228101
-147.106617822
-144.892149025
-210.154942141
-172.228847706
-175.740521804
-156.892233902
-173.55357302
-157.559700868
-154.607295043
-136.282322344
-167.615370049
-189.832367269
-183.027378196
-146.068751194
-166.665017111
-155.967416834
-202.446309438
-158.262586531
-192.426696626
-262.61535939
-157.215967001
-184.744707918
-212.093369079
-207.071172035
-185.276513
-193.0076953
-171.802069967
-191.427441531
-175.80163139
-185.876988045
-154.763614067
-103.012234802
-226.888692074
-177.117353689
-175.69553243
-244.793989215
-185.928776465
-160.59766178
-172.670784928
-212.254630647
-175.325499485
-187.615464843
-253.080529106
-227.886340001
-171.847580296
-184.022905765
-380.808610268
-241.838036063
-167.626782212
-190.776478022
-200.06198122
-154.848582154
-182.726509337
-187.635736437
-198.214812673
-177.876043646
-214.54018857
-173.111292331
-160.67801356
-182.241345105
-156.196066205
-84.5750340217
-194.187171081
-174.587128171
-210.942058336
-170.132261543
-154.049996933
-188.761987818
-88.2792280668
-152.478787387
-41.7597962098
-174.95750494
-201.812186629
-28.8987700847
-144.128373565
-204.18832582
-197.958402636
-191.246790169
-178.388239019
-165.981765165
-160.642290019
-206.37386339
-188.56397425
-224.557980926
-168.617168956
-211.420142782
-256.72919103
-166.797324109
-180.393788073
-158.488196642
-222.463168622
-199.088337176
-183.314624589
-153.961775064
-156.93570738
-146.740867792
-219.354848545
-151.251835975
-179.711665882
-159.916240882
-170.676528355
-36.5797416977
-165.254242397
-162.851920839
-62.2731353239
-241.905205494
-152.346389783
-182.460886684
-144.680623641
-162.143791084
-228.927070995
-201.678612094
-156.91656411
-182.604570384
-34.9260955771
-212.741327763
-136.247069173
-175.605096143
-163.885223293
-102.437604987
-169.94918458
-184.674693885
-173.056337729
-149.662628139
-196.588325647
-171.179071981
-184.384697232
-136.990509182
-170.210774239
-170.187561372
-177.522618653
-183.225837251
-150.698340234
-194.13438921
-143.149667376
-190.586369817
-193.822525496
-144.968292218
-182.084566411
-204.686935223
-220.717137686
-348.632150004
-160.229524639
-213.164237807
-158.577733423
-159.995960289
-183.944099227
-220.005749993
-89.4056749834
-194.195369938
-166.573675195
-183.340474452
-217.286296549
-157.026205918
-41.2993093203
-190.436892114
-197.810846846
-199.198850769
-183.132756359
-155.105921391
-99.1108624959
-173.745583049
-226.273537576
-231.326084344
-139.793287859
-172.148163146
-181.395914344
-22.3574215793
-166.226961999
-184.739173553
-39.0973742813
-197.096940031
-158.064886231
-182.430859154
-163.148254717
-204.340583284
-162.419218238
-191.514694948
-138.044573227
-155.235947202
-192.869382761
-148.041619934
-43.173523838
-168.437866018
-201.995594538
-156.405547151
-179.058645114
-194.866276663
-211.300012318
-199.911245816
-173.885193472
-172.048646312
-185.457627157
-178.098804393
-188.458083381
-224.12580326
-241.435226933
-158.184034793
-142.653166754
-233.345365505
-171.118050847
-185.064046979
-198.374241446
-176.759195251
-192.098983523
-124.666354421
-212.744052062
-163.566571937
-163.257248646
-193.493118843
-180.726498816
-167.15342742
-213.601200687
-84.8501707187
-165.734601817
-212.167165364
-139.055236792
-164.625927972
-170.394609145
-168.753813584
-140.515846181
-166.418694951
-162.458164449
-186.969437093
-207.081290892
-166.466969311
-203.587674493
-178.438520785
-81.7952610468
-168.827997428
-168.600503582
-138.737169518
-198.921968521
-170.886978162
-145.331332219
-260.319461475
-179.140474937
-189.425555113
-216.781647007
-166.862204861
-183.055935992
-160.588320766
-173.573851457
-170.333522538
-127.87655774
-190.113589972
-241.28067992
-204.625224101
-214.756785039
-140.848367111
-167.0195318
-171.973456096
-171.362389924
-190.755793397
-175.75506789
-184.671676036
-162.574723391
-145.77311822
-171.051668396
-240.977799518
-210.526612302
-205.656341001
-208.887770807
-171.395797781
-163.697139168
-55.2917934931
-199.742785735
-167.495310393
-179.405487774
-139.273356131
-49.0702662826
-219.029029869
-171.164084835
-182.961301906
-199.743447113
-203.914173424
-212.079407857
-20.0666908319
-183.697986912
-184.528990509
-190.01018699
-159.235971109
-204.045101421
-170.850684328
-188.510643089
-230.396237783
-186.5233626
-197.432662469
-210.804563285
-144.792562895
-177.344781167
-192.097434262
-244.767311288
-215.333811605
-138.75915286
-177.450978179
-176.982923805
-192.282239821
-205.099830173
-221.633453413
-145.538152131
-169.755228876
-155.305944182
-171.834008853
-203.496904892
-249.881578079
-169.146851131
-227.014206755
-159.486376427
-200.692227939
-211.623653655
-182.943440715
-177.491440102
-195.451094108
-198.251922249
-175.960552042
-177.646396071
-188.328492646
-169.864289771
-226.237512723
-210.356809717
-126.974296861
-169.586465739
-170.782774704
-189.609571542
-206.325201503
-170.739552266
-179.97198973
-169.989727092
-205.749981475
-134.721742214
-163.496597185
-193.619636993
-195.474525208
-182.763531207
-169.331949664
-179.640377625
-151.164843114
-171.040397621
-155.891434876
-149.626365345
-193.781004295
-129.198891276
-130.407850544
-196.129917774
-263.147694089
-182.180001868
-179.672657845
-187.322613246
-217.782748555
-179.200938963
-213.516486293
-218.281309685
-159.768148569
-196.585139877
-178.007579515
-327.9253179
-189.543525299
-184.970527337
-146.7757342
-183.957166916
-182.928913088
-91.2898147087
-246.594222186
-147.575445228
-181.366720278
-191.324995254
-176.096907408
-163.48701037
-126.127345823
-163.678618078
-161.670266038
-179.693650073
-198.972411712
-186.476378016
-172.012890549
-240.957523634
-230.277809675
-172.536999837
-168.735339322
-172.757738954
-205.631939399
-176.584632776
-206.268187259
-200.666654146
-159.156031439
-212.870297461
-189.507116764
-179.59230955
-153.547115911
-232.277848338
-208.012610218
-154.167023933
-175.336639813
-186.370066894
-235.073641712
-214.349918249
-150.529559859
-191.300059064
-168.973957738
-182.831788524
-183.449557434
-180.389072938
-172.719713818
-162.044424009
-189.457113915
-206.849847721
-187.228931093
-198.182063571
-229.47943541
-164.089212647
-157.07146689
-163.689696834
-91.2753264714
-190.958471428
-181.392196327
-188.680395151
-169.324694718
-196.701259662
-108.928198504
-194.497674726
-191.002461911
-158.37286179
-200.241519768
-247.347004077
-37.3450001229
-264.323431437
-254.875609865
-165.181788759
-233.502492779
-226.331553711
-196.115567324
-36.3755568697
-176.90885157
-197.104726391
-162.454395644
-175.934597382
-199.315046591
-161.456452193
-163.587438606
-201.028563939
-235.850177918
-61.139214368
-162.341037669
-150.802477181
-239.065257236
-180.50052118
-184.521467929
-164.004457608
-179.726624416
-180.789192894
-142.470917461
-177.204104672
-151.30380315
-186.329736223
-176.886809039
-175.15532666
-101.476024084
-204.12534162
-132.627209567
-175.110057797
-176.383280077
-201.122098453
-171.720701426
-163.507048264
-185.914912918
-202.057197343
-192.431156677
-199.886091598
-143.206434087
-195.21058508
-171.991387603
-192.444376303
-185.795001296
-181.988947787
-192.477123187
-195.550970889
-173.601263788
-181.834638591
-150.92666812
-246.294275077
-164.308897574
-178.347499183
-75.5123608519
-205.096264892
-162.701049455
-207.073892298
-152.746466692
-201.910100567
-225.18949511
-177.621545913
-182.088603476
-193.271702375
-172.215108801
-192.828925512
-180.488525063
-203.884592385
-177.173288921
-49.0523375794
-196.01922496
-190.721524862
-151.165229023
-175.373015973
-179.290849159
-192.099533191
-164.53473342
-396.942240796
-172.641737752
-163.636194211
-176.30156838
-168.549101978
-205.777234565
-145.934276782
-160.500125303
-161.829906936
-177.437512324
-188.748927656
-163.759295909
-70.2326029309
-164.99165572
-148.356327008
-170.499985821
-181.034678381
-231.09079552
-177.244036289
-164.535336438
-185.631131823
-208.719245125
-182.004232074
-142.212716202
-168.92929119
-174.514942461
-193.377600079
-179.555066567
-190.318643816
-191.488063412
-190.716049806
-197.058064439
-156.113506833
-176.920815117
-208.4640804
-166.660925119
-141.405201709
-204.376447223
-127.530765722
-171.74179879
-160.327306621
-166.420217026
-155.895948773
-193.091446552
-26.4843746701
-209.502282581
-189.333156722
-206.290546304
-183.817449767
-150.981251211
-328.253321294
-159.732143445
-312.744695282
-172.077559036
-194.238186282
-150.532891892
-68.2405813691
-198.446354138
-208.241238811
-184.442750568
-210.138187685
-237.004655091
-57.3711603663
-148.54316248
-140.158200313
-176.59647623
-181.408674897
-33.6138433345
-143.567042002
-154.226286169
-183.563079059
-222.523276782
-130.718964586
-153.074765488
-217.094337214
-391.918253875
-241.033990187
-243.946813386
-178.974757094
224.867903695
-183.127821722
-204.224259194
-164.379242842
-230.280788691
-74.7729062126
-119.876803751
-146.123038182
-173.907849057
-169.377338549
-208.974752019
-49.0066148042
-164.490484041
-201.231634904
-184.898611765
-166.500175681
-189.737179358
-198.170435184
-186.445017345
-227.726731305
-202.086881141
-179.206289134
-217.205286678
-188.94958522
-256.122121487
-150.640453303
-147.663796852
-187.223958262
-156.688944467
-205.057951286
-39.8170560531
-202.941605034
-176.320319179
-159.253194344
-178.443352397
-182.372321894
-219.158882301
-226.340212424
-176.203694428
-160.715924207
-229.527749978
-188.654313207
-222.167126375
-180.686333625
-184.09482969
-74.8721045484
-155.629068195
-188.721716601
-160.370149007
-176.762414615
-176.456547952
-210.870989456
-167.972706685
-198.763620749
-183.193898728
-194.964725163
-180.198448381
-197.140197798
-216.32265267
-167.494311655
-199.042556393
-206.589187919
-208.778459394
-148.953518749
-214.212196758
-182.413253952
-176.295206421
-182.172921173
-41.8201590003
-174.081224125
-63.5907568372
-153.973977248
-184.590644356
-197.142552207
-141.361807567
-144.998502246
-206.874919251
-176.475870775
-193.418735442
-129.57417166
-182.839383054
-193.425552507
-140.385496091
-139.947985274
-197.729472824
-194.557414547
-187.10026464
-188.733306514
-142.426840951
-161.298073016
-168.232350774
-87.1141808148
-161.49356144
-157.351025405
-171.677198916
-145.819849736
-206.764333083
-239.685100027
-183.91176521
-184.343640328
-192.749357188
-204.592714722
-201.568683109
-197.08735169
-106.464549577
-182.474892348
-193.678482823
-182.979678639
-191.830673042
-230.198757612
-226.882760062
-172.754236886
-175.262943825
-198.324383533
-190.422555145
-169.890728253
-143.583493122
-170.585615493
-37.926405174
-155.280330325
-200.789502013
-168.398661109
-154.062511533
-131.339463771
-185.223556052
-170.367538233
-150.612551169
-192.634701275
-193.765070179
-187.691590226
-231.75082175
-206.021676505
-193.325414559
-166.778880597
-168.268477777
-174.50297355
-193.070781421
-273.40917772
-72.1547788467
-222.321274075
-195.881341461
-209.494593736
-54.2706910893
-20.41706474
-184.565547332
-152.045277941
-168.736724344
-178.093151562
-188.213217646
-186.000611142
-176.207189267
-170.010284724
-239.374579946
-173.727917282
-127.925661013
-169.351522593
-211.577624665
-205.135748901
-207.714930771
-192.556047451
-181.989675119
-201.057730198
-196.68448747
-209.048801314
-191.081566476
-151.350715731
-201.928338047
-243.252061712
-181.107748862
-203.236556251
-202.354144872
-191.109285367
-175.296684533
-168.054505068
-160.788572413
-191.99971013
-216.685763487
-204.918692189
-76.3377540366
-183.548127781
-187.123889897
-173.750304085
-167.840639852
-332.361654185
-193.247249974
-177.297442831
-157.246449426
-152.530716508
-159.890849708
-183.226867657
-164.596496763
-184.229920654
-192.276031165
-202.056690407
-233.981684867
-186.627340235
-227.974819734
-211.374489439
-149.920625072
-161.533870028
-273.306589473
-175.642091054
-173.424562027
-171.846120767
-184.992881994
-163.215028151
-243.485224159
-191.021992106
-201.964635592
-164.084866258
-163.779200112
-222.038766885
-167.291777533
-225.626918659
-224.517311693
-172.57446616
-202.697876523
-198.856098028
-169.517311251
-155.523290127
-181.66667884
-90.1694546415
-174.457051961
-151.29458831
-148.843732174
-206.108923417
-158.944816946
-153.146992993
-182.08406215
-125.518205442
-156.988138338
-84.0773120812
-232.286492276
-205.865309409
-190.069526433
-169.418351776
-186.998152833
-174.421461509
-184.748433101
-219.535388767
-192.666605029
-183.669086497
-183.934233314
-223.997490152
-139.39381655
-225.941984878
-173.13793192
-144.448125715
-167.34986917
-197.322907328
-194.942325296
-142.308037146
-145.465248868
-125.72922514
-181.000203618
-163.802971168
-168.903559106
-206.999152106
-173.375247172
-194.441200152
-171.985773489
-164.077853641
-167.038767994
-248.130251345
-165.599399997
-227.647343157
-160.085795458
-182.312026275
-233.968335173
-186.455116914
-175.359485254
-228.38502471
-162.397661125
-235.44538632
-196.061703415
-178.799592989
-221.676960989
-180.697579529
-172.611597107
-204.857398767
-163.626570975
-151.459590891
-169.913128818
-204.783449312
-194.471624425
-193.600950993
-309.376331021
-168.889301707
-166.225457685
-199.778805272
-272.975874942
-203.930097255
-203.973657458
-177.891261324
-192.147435265
-67.7485303283
-168.3699349
-152.073096945
-175.444541589
-151.576828635
-206.442216584
-9.33484907208
-138.056069531
-180.445127532
-203.663152058
-196.484262948
-173.485565351
-182.333171924
-192.455629483
-195.973536221
-154.754567476
-245.910182481
-201.985319461
-215.01334768
-146.165922228
-169.114884454
-151.265436692
-220.397152
-159.445253504
-190.169133064
-202.636772268
-144.87603669
-147.470350594
-183.937016298
-190.566322745
-192.334068424
-155.863388753
-155.107397136
-199.193736688
-84.3499589937
-218.559109442
-160.5249534
-152.266177297
-179.207931975
-181.909915887
-169.353512615
-228.785053379
-196.461053937
-187.372435261
-165.618361914
-191.661555105
-189.191410365
-174.32514607
-178.33052918
-174.548893001
-160.395494778
-199.637322502
-140.736504869
-165.292287121
-214.151394841
-182.449326914
-172.280425758
-169.27263628
-192.011862194
-182.507602878
-226.085803813
-171.136496154
-193.891433266
-160.411689031
-166.897956253
-152.025348773
-219.791042161
-182.81326475
-214.490305697
-165.651692089
-145.23481275
-147.008764116
-237.332736324
-330.242126612
-160.437833769
-163.987184686
-133.146030725
-186.635694315
-127.923124487
-203.452161058
-147.021417725
-162.600239487
-198.64362169
-190.109154428
-189.038258552
-193.864007498
-181.461928051
-148.831845549
-330.815224254
-143.646560627
-178.261453521
-178.742241117
-198.660626554
-142.561929391
-181.572644339
-212.728114946
-146.935613927
-181.412386763
-222.227814901
-198.303515697
-246.679834315
-223.824404668
-204.825143912
-152.569631441
-160.116071508
-174.622352968
-194.510370288
-134.365031983
-160.536193987
-154.110537021
-205.501568956
-159.242027986
-172.509409066
-147.24651306
-203.074216787
-168.200517268
-184.422826264
-83.0152135371
-189.022165269
-183.825615001
-171.836180832
-168.4476095
-196.005284728
-215.801193246
-217.920873931
-179.955538028
-184.722550546
-180.023912791
-229.019298963
-163.990488893
-160.542421266
-162.181482752
-123.108641074
-194.861720538
-198.06493578
-97.3264420063
-239.225151374
-167.395401477
-190.838803926
-134.181816489
-205.702135968
-175.287322771
-156.406931616
-195.495410302
-220.10762781
-220.112855042
-175.768709234
-174.391091624
-171.03817894
-84.4525467451
-188.573243896
-136.327241163
-161.949799289
-183.310500557
-175.305031932
-180.34324525
-180.782919696
-208.676911392
-199.700850999
-57.0231049777
-171.844283585
-53.2537055367
-179.414212757
-186.731746819
-157.121771028
-195.127347631
-156.437513756
-198.806748503
-234.16670645
-188.201270456
-208.19831647
-145.906175189
-82.0893360606
-149.122811002
-183.150661729
-129.136902273
-197.553797882
-216.227033464
-165.890830737
-155.233163639
-202.241990787
-220.1328498
-180.144196575
-172.673779427
-162.993377457
-221.92852244
-187.385801498
-197.485390749
-163.179511795
-179.931919835
-202.896066437
-196.111997576
-220.095629881
-243.276767482
-156.409855181
-49.7532898626
-168.448798723
-206.18884273
-194.555432943
-178.066351453
-189.390163847
-216.857039099
-349.321342735
-173.091014269
-180.077931153
-47.6156143804
-212.405706029
-189.50543024
-161.495423957
-172.594958149
-352.018791974
-190.597388828
-205.362720365
-173.419172588
-232.810979009
